801
4
-59 0
-60 0
-60 0
-59 1
-59 1
-59 1
-59 1
-59 2
-59 2
-59 2
-60 2
-60 3
-60 3
-60 3
-60 3
-60 4
-60 4
-60 4
-59 4
-59 5
-59 5
-59 5
-60 5
-61 6
-62 6
-61 6
-60 6
-60 7
-60 7
-60 7
-59 7
-60 8
-60 8
-60 8
-60 8
-60 9
-60 9
-61 9
-61 9
-61 10
-61 10
-63 10
-63 10
-63 11
-64 11
-65 11
-65 11
-65 12
-65 12
-65 12
-64 12
-63 13
-62 13
-61 13
-61 13
-60 14
-61 14
-60 14
-60 14
-60 15
-61 15
-62 15
-62 15
-62 16
-62 16
-61 16
-62 16
-62 17
-61 17
-61 17
-61 17
-61 18
-61 18
-61 18
-61 18
-61 19
-61 19
-61 19
-62 19
-62 20
-63 20
-64 20
-65 20
-65 21
-65 21
-65 21
-63 21
-62 22
-61 22
-60 22
-59 22
-59 23
-58 23
-59 23
-57 23
-57 24
-57 24
-57 24
-57 24
-59 25
-57 25
-58 25
-59 25
-59 26
-59 26
-59 26
-59 26
-60 27
-60 27
-61 27
-61 27
-61 28
-62 28
-62 28
-62 28
-62 29
-62 29
-62 29
-62 29
-61 30
-61 30
-61 30
-60 30
-60 31
-60 31
-60 31
-60 31
-59 32
-59 32
-59 32
-59 32
-59 33
-59 33
-60 33
-60 33
-60 34
-60 34
-60 34
-60 34
-62 35
-63 35
-63 35
-64 35
-66 36
-66 36
-69 36
-69 36
-69 37
-69 37
-68 37
-67 37
-67 38
-67 38
-67 38
-68 38
-68 39
-68 39
-69 39
-69 39
-70 40
-70 40
-70 40
-69 40
-70 41
-70 41
-70 41
-71 41
-70 42
-70 42
-70 42
-71 42
-71 43
-72 43
-72 43
-71 43
-70 44
-70 44
-68 44
-67 44
-66 45
-64 45
-64 45
-64 45
-62 46
-62 46
-62 46
-62 46
-62 47
-61 47
-61 47
-61 47
-61 48
-61 48
-61 48
-60 48
-60 49
-60 49
-60 49
-60 49
-60 50
-60 50
-60 50
-60 50
-60 51
-60 51
-60 51
-60 51
-60 52
-60 52
-60 52
-61 52
-61 53
-61 53
-62 53
-62 53
-62 54
-62 54
-61 54
-61 54
-61 55
-61 55
-61 55
-61 55
-61 56
-61 56
-61 56
-61 56
-61 57
-61 57
-60 57
-60 57
-60 58
-60 58
-59 58
-59 58
-57 59
-58 59
-57 59
-57 59
-57 60
-57 60
-57 60
-57 60
-57 61
-57 61
-56 61
-56 61
-55 62
-55 62
-55 62
-54 62
-54 63
-54 63
-54 63
-54 63
-54 64
-54 64
-54 64
-54 64
-54 65
-54 65
-54 65
-54 65
-54 66
-54 66
-54 66
-54 66
-54 67
-54 67
-54 67
-54 67
-54 68
-54 68
-54 68
-54 68
-54 69
-54 69
-54 69
-54 69
-54 70
-53 70
-53 70
-53 70
-53 71
-53 71
-53 71
-53 71
-53 72
-53 72
-53 72
-53 72
-53 73
-54 73
-54 73
-54 73
-54 74
-55 74
-55 74
-57 74
-59 75
-59 75
-59 75
-59 75
-59 76
-59 76
-60 76
-60 76
-60 77
-60 77
-60 77
-60 77
-60 78
-60 78
-60 78
-60 78
-61 79
-60 79
-60 79
-60 79
-60 80
-60 80
-60 80
-60 80
-60 81
-60 81
-60 81
-60 81
-60 82
-61 82
-61 82
-61 82
-62 83
-62 83
-61 83
-60 83
-60 84
-60 84
-59 84
-59 84
-59 85
-60 85
-59 85
-60 85
-59 86
-59 86
-59 86
-59 86
-59 87
-59 87
-59 87
-59 87
-59 88
-59 88
-59 88
-59 88
-59 89
-59 89
-59 89
-60 89
-60 90
-60 90
-60 90
-60 90
-60 91
-60 91
-60 91
-60 91
-61 92
-61 92
-61 92
-62 92
-62 93
-63 93
-63 93
-63 93
-63 94
-63 94
-63 94
-62 94
-63 95
-62 95
-62 95
-62 95
-63 96
-63 96
-62 96
-63 96
-63 97
-63 97
-64 97
-64 97
-64 98
-64 98
-64 98
-64 98
-64 99
-64 99
-65 99
-66 99
-64 100
-64 100
-63 100
-63 100
-63 101
-62 101
-63 101
-62 101
-63 102
-62 102
-62 102
-62 102
-62 103
-62 103
-62 103
-62 103
-62 104
-62 104
-62 104
-62 104
-63 105
-63 105
-63 105
-63 105
-63 106
-63 106
-63 106
-63 106
-63 107
-64 107
-64 107
-64 107
-64 108
-63 108
-63 108
-62 108
-62 109
-62 109
-62 109
-62 109
-61 110
-62 110
-62 110
-61 110
-62 111
-62 111
-62 111
-62 111
-62 112
-62 112
-62 112
-62 112
-62 113
-62 113
-62 113
-62 113
-61 114
-62 114
-61 114
-60 114
-60 115
-60 115
-59 115
-57 115
-57 116
-55 116
-56 116
-57 116
-57 117
-57 117
-57 117
-56 117
-56 118
-55 118
-55 118
-55 118
-55 119
-55 119
-55 119
-55 119
-55 120
-55 120
-54 120
-55 120
-54 121
-54 121
-54 121
-54 121
-54 122
-54 122
-54 122
-54 122
-54 123
-54 123
-55 123
-55 123
-55 124
-55 124
-55 124
-55 124
-55 125
-55 125
-56 125
-56 125
-57 126
-57 126
-59 126
-59 126
-60 127
-60 127
-62 127
-65 127
-65 128
-65 128
-64 128
-64 128
-64 129
-64 129
-64 129
-64 129
-65 130
-65 130
-65 130
-65 130
-65 131
-65 131
-65 131
-65 131
-66 132
-66 132
-66 132
-67 132
-67 133
-67 133
-67 133
-67 133
-68 134
-68 134
-68 134
-68 134
-68 135
-69 135
-69 135
-69 135
-69 136
-69 136
-68 136
-68 136
-68 137
-66 137
-66 137
-66 137
-66 138
-67 138
-67 138
-67 138
-68 139
-70 139
-70 139
-71 139
-74 140
-75 140
-75 140
-75 140
-74 141
-72 141
-72 141
-69 141
-70 142
-70 142
-69 142
-67 142
-68 143
-68 143
-68 143
-67 143
-67 144
-67 144
-67 144
-72 144
-73 145
-73 145
-74 145
-73 145
-72 146
-73 146
-71 146
-71 146
-71 147
-71 147
-71 147
-72 147
-71 148
-70 148
-70 148
-71 148
-71 149
-71 149
-71 149
-72 149
-72 150
-71 150
-71 150
-71 150
-71 151
-71 151
-72 151
-72 151
-72 152
-72 152
-71 152
-72 152
-72 153
-72 153
-72 153
-72 153
-71 154
-71 154
-71 154
-69 154
-69 155
-69 155
-69 155
-69 155
-69 156
-69 156
-70 156
-70 156
-71 157
-72 157
-71 157
-72 157
-71 158
-71 158
-70 158
-71 158
-70 159
-70 159
-69 159
-69 159
-69 160
-69 160
-69 160
-69 160
-69 161
-69 161
-69 161
-69 161
-69 162
-69 162
-70 162
-69 162
-69 163
-69 163
-68 163
-68 163
-68 164
-67 164
-67 164
-66 164
-66 165
-65 165
-65 165
-65 165
-65 166
-65 166
-65 166
-64 166
-64 167
-64 167
-65 167
-64 167
-64 168
-65 168
-65 168
-65 168
-65 169
-64 169
-65 169
-63 169
-64 170
-63 170
-63 170
-63 170
-63 171
-62 171
-62 171
-62 171
-63 172
-63 172
-63 172
-63 172
-63 173
-63 173
-63 173
-63 173
-63 174
-63 174
-62 174
-62 174
-61 175
-63 175
-62 175
-63 175
-62 176
-62 176
-63 176
-63 176
-62 177
-63 177
-63 177
-63 177
-64 178
-64 178
-64 178
-64 178
-64 179
-65 179
-66 179
-66 179
-65 180
-65 180
-65 180
-65 180
-65 181
-65 181
-64 181
-64 181
-64 182
-64 182
-64 182
-64 182
-65 183
-65 183
-65 183
-65 183
-65 184
-66 184
-66 184
-67 184
-69 185
-70 185
-72 185
-74 185
-74 186
-73 186
-74 186
-74 186
-73 187
-73 187
-73 187
-73 187
-72 188
-71 188
-71 188
-71 188
-70 189
-69 189
-68 189
-69 189
-68 190
-66 190
-66 190
-66 190
-66 191
-65 191
-65 191
-65 191
-65 192
-64 192
-64 192
-64 192
-63 193
-62 193
-62 193
-63 193
-63 194
-61 194
-60 194
-61 194
-61 195
-60 195
-61 195
-61 195
-61 196
-61 196
-61 196
-61 196
-61 197
-61 197
-61 197
-61 197
-61 198
-61 198
-62 198
-62 198
-62 199
-63 199
-63 199
-63 199
-64 200
-65 200
